PDO 
0.610972
 0.398854
 -0.90431
-0.084949
 0.143107
-0.302822
 0.487957
  0.78263
 0.096265
-1.182662
 -1.08856
-0.721918
-1.811442
-1.636119
-1.557574
-1.278072
-0.634053
-0.420506
-0.595148
-0.615128
-1.404196
-0.876231
-0.766742
-0.874224
-0.672612
 -0.29844
-1.014836
-0.908856
-0.564654
-0.697949
-0.472793
-1.075726
-1.406949
-1.743798
-1.692331
 -1.41769
-1.055025
-0.660392
-1.164732
  -1.8232
-1.730899
-1.553514
-1.715771
-1.389029
-1.261503
-1.603696
-1.711388
-1.331025
-1.259484
-1.572729
-2.098637
-2.032666
-1.488919
-0.680744
-1.964579
-1.972432
 -1.24561
 -0.63808
-0.353681
 -0.73183
-1.034759
-1.338263
-1.275902
 -1.18306
 -0.68862
-1.151295
-1.589114
-1.348268
-0.721187
-1.513371
-1.328924
-0.963789
-1.407793
-1.512335
 -1.70579
-1.704043
-1.356449
-1.005761
 -0.78434
-1.257634
-1.318024
 -1.87775
-0.953864
 -0.98513
-0.860277
-0.609671
-0.769308
 -0.31998
 -0.06767
-0.180393
-0.568871
 0.176556
  0.54737
-0.125704
-0.696355
-0.323303
-0.868453
-0.836803
-0.599694
-0.015811
-1.122061
-1.381153
 -1.27344
-0.590176
-0.183164
-0.655316
-0.892356
-0.042688
-0.778147
-1.166141
-1.277443
-0.900226
-0.595082
-0.554687
-0.229431
-0.592911
-0.304366
-0.348862
-0.280658
  -0.5546
-1.584251
-1.695654
-0.833832
-0.810894
-0.399839
-0.190328
 -0.38025
-1.053086
-2.063962
-0.995217
 -0.97924
 -0.59804
-1.184244
-2.021974
-2.075859
 -1.62641
-1.078963
-0.975118
-1.082897
-1.646889
-1.990093
-2.242722
-1.906085
-1.626903
-1.333253
-1.318408
-0.847591
-0.562991
-0.671182
-1.446561
 -1.43945
-1.133246
-0.603797
-1.372836
-1.509173
-0.982903
-1.003451
-1.263269
-1.420654
-1.000732
-1.047644
-1.411954
-0.611392
-1.144599
-1.065554
-1.299744
-0.616306
-0.375592
-0.009208
 0.054026
  0.08911
-0.071552
  0.39434
 0.517937
 0.670961
 0.070316
 -0.11498
-0.561616
-0.472572
 0.007436
 0.023801
-0.496742
-0.354577
-0.388739
-0.107419
-0.408236
-1.091588
-0.598183
-0.015963
-0.747687
-0.568039
-0.001084
-0.112472
-0.585591
-0.535452
-0.727372
  -0.8327
-0.776688
 -0.36077
-0.751463
-0.273914
 -0.16657
 -0.02139
-0.588177
-0.555676
-0.306244
-0.830332
-0.293892
 -0.41836
-0.755466
-0.578547
  0.02514
 0.364368
 0.115774
-0.048756
-0.346811
 0.361734
 0.541442
 0.340128
 0.206612
-0.242467
-0.953192
-1.283182
-0.994999
-0.999316
-1.321135
-1.075501
 0.019859
-0.503318
-0.296648
-0.768875
-0.834684
-0.970576
 -1.35582
-2.342246
-0.875747
-1.080037
-1.437344
-0.601289
-0.727147
-0.607046
-0.625688
-0.593154
-1.149176
-0.759566
 0.069188
  0.48276
 0.331269
 0.626653
 0.238832
 -0.15804
-0.623536
-0.779091
-0.595158
-0.376275
 0.145211
 0.685544
 0.218477
-0.785764
-0.541929
 0.087606
-0.585612
-0.750871
-0.470351
-0.148001
-0.535967
-0.196543
 0.037565
 0.394084
-0.191711
-1.099801
-0.843149
-1.226955
-0.928631
 -0.62874
-0.109501
 0.018945
  0.16762
 0.432772
 0.313552
 0.365109
 0.129411
 0.498041
-0.746164
-0.935273
-0.454016
-0.406842
-0.740792
-0.341408
 0.702109
 0.912973
-0.463374
-1.732417
-1.517522
 -1.32636
-1.915036
-1.036383
-0.835435
-1.054331
-1.030097
-1.466418
-1.014433
-1.070027
-2.442642
-1.960667
-1.548417
-1.355037
-1.470884
-0.495974
-1.270152
 -0.68407
-0.453701
-0.565427
 0.081823
-0.903918
 -1.23521
-1.154312
-0.886475
-0.286229
-0.022032
 0.648643
 0.389173
 0.153505
 0.066651
  0.86228
 0.448449
 1.014303
 1.225745
  1.17301
 0.090789
-0.092578
 -0.02955
-0.225046
-0.696518
-0.592719
-0.301297
-1.163605
 0.048851
 0.398527
 0.864271
  0.73815
 0.736305
 -0.43149
-0.526118
-0.453392
-1.173573
-1.361497
-0.529436
-0.410623
 0.075033
 0.584348
 0.980993
 1.125168
 1.121896
 0.514088
 0.290645
  0.48194
  0.33842
-0.234185
-0.315786
 0.011068
-0.001276
-0.069913
 0.271634
 0.038353
-0.622984
 0.215697
 0.106801
-0.109139
-0.227057
 0.498763
 0.146521
 0.215873
  0.44097
 0.343063
 1.210888
 1.360356
 1.188877
 0.381211
 1.073588
 1.231962
 0.775542
 0.485715
-0.005323
-0.530923
-0.008682
-1.447047
-0.923839
 0.232449
 0.146879
 0.643915
-0.355366
-0.786725
-0.429154
-0.449626
-0.286873
-0.652566
 -0.51335
-0.694846
-0.253799
 0.423109
 0.105586
 0.011563
-0.708007
-0.619218
-0.736538
-0.139301
 0.160388
 0.199035
-0.231702
-0.277435
 0.183528
-0.391875
-0.234777
-0.600903
-0.502344
-0.767239
-0.812857
-1.259003
-0.616641
-1.858224
-1.796555
-1.104645
-0.969762
-0.325691
-0.276241
 -0.50692
  0.32884
-0.217864
-0.721131
-0.124767
 -0.02346
-0.318207
-0.651339
-0.386498
 0.325286
-0.056451
-0.522373
-0.029831
 0.229296
 0.483749
 0.166761
-0.010852
 0.073835
 0.268476
 0.052154
-0.032177
-0.183171
 0.550548
 0.599248
 0.097167
-0.521206
-0.042516
-0.073117
-0.163041
 0.165561
-0.040434
-0.335187
-0.237963
-0.836295
 0.006911
 0.261774
 0.718525
 0.580117
-0.011794
 0.654666
 0.842696
-0.002527
 0.456873
 1.129018
 1.605103
 0.344982
 0.190076
 0.929238
 2.139513
 0.814102
 1.152639
 1.185804
 1.181171
 1.626164
 0.827436
 0.755216
 0.693094
  0.57276
  0.91391
 1.520277
 0.825218
 0.661633
 1.449893
  1.69329
 1.545744
 1.519372
 1.327506
 0.990543
  0.71146
 1.405382
 2.124125
 0.976058
 0.267228
-0.393873
-0.687513
-0.245825
 0.628098
  0.45645
 -0.81464
 0.018049
 1.131384
 0.404067
 0.381111
 0.059652
 0.879983
 0.649254
 0.080995
-0.138661
 0.024617
 0.040646
 0.999553
 0.957963
 0.511068
 0.599314
 0.585284
 0.620893
 0.789714
 1.080725
 1.570804
 0.484588
  0.23149
-0.083166
-1.112665
-0.232256
-0.101407
 0.312418
 0.154716
 0.663851
 0.923075
 1.006438
 0.482802
 0.801262
 0.829609
  0.91638
 0.774917
 1.308491
 1.575017
 1.264737
 1.271726
 1.170126
  1.09405
 1.798117
  0.69873
 0.185965
 0.705668
 0.339698
 0.652508
 1.168751
 0.529866
 0.214871
 0.492315
 1.069851
 1.724084
 1.676379
 1.102262
 1.396898
 0.933665
 1.662383
 1.930751
 2.280423
 0.834958
 1.056728
 1.021918
 1.344869
 0.949415
 1.156426
 1.444223
 0.837973
 1.580616
 1.815627
 1.707907
 1.049179
-0.147945
-1.007551
-0.006645
-0.302974
-0.023413
 0.411687
 0.646621
 0.774942
 0.275617
-0.122376
 0.548694
 0.735238
 0.515207
-0.106949
-1.361453
-0.398009
 0.017147
-0.287786
 1.031045
 -0.16732
-0.238208
 0.250067
 0.825646
  0.88766
 0.684766
 0.721609
-0.222325
 0.290258
 0.681911
 0.751776
 0.083214
  0.10056
-0.234864
 0.262864
 0.849718
 0.436897
-0.259139
-0.165694
 0.302042
 0.673774
 0.598672
  0.20541
-1.362639
-0.411573
 0.031596
 0.111647
 0.322714
 0.868994
-0.013989
-0.112718
-0.073803
-0.217472
-0.030238
-0.539222
-0.310044
-0.657259
-0.008733
-0.070805
 0.195911
 0.305666
-0.500961
-0.554729
-1.274516
-1.206673
 0.092216
-0.202549
-0.023532
-0.278062
 0.374695
  0.06171
 0.130005
 0.009786
-0.401659
-0.331491
 0.230724
 0.435129
 0.191984
-0.270052
-0.006447
-0.160589
 0.495954
-0.176603
-0.453989
-1.785658
-1.251507
-0.479212
 0.195077
 0.264941
 0.170791
 0.109458
 0.344736
 0.198788
-0.402643
-0.552508
-0.572796
-1.017732
-0.854293
-0.902041
  -1.1404
-1.483805
-0.435451
-0.846026
-0.624866
 0.044525
-0.942151
-1.129961
-0.445025
-0.184142
-0.577237
 0.313476
-0.537008
 0.434756
 0.860183
 0.622428
 0.302433
 0.103492
 0.025498
 0.475276
 0.849942
 0.277944
-0.361731
 0.446038
-0.375813
 0.093392
 0.411029
-0.009447
-0.761918
-1.109654
-0.442921
-0.508167
-0.459392
 -0.30044
-1.098943
 -1.11103
-0.092923
-0.207877
 -0.99122
 -0.79085
-0.947475
-1.214577
 -1.08523
-0.282613
-0.666362
-0.941362
-0.706593
-1.384563
 -0.80717
 -0.01194
  0.20497
 0.206402
 0.179836
-0.611172
-0.731583
-0.412099
 0.097407
 1.077143
 0.650328
-0.467444
-0.621567
-0.156354
 0.049617
 0.543229
 0.159322
 0.052126
-0.821183
-0.923233
-0.442791
-0.120693
-0.253995
-0.020835
 1.019209
-0.061946
 0.354656
 0.853713
 1.078364
 1.394988
 2.831877
 1.459992
  0.42351
 0.199256
  0.69952
-0.712596
-1.381643
 -1.24915
-0.143025
 0.234845
  0.64215
-0.051235
 0.216878
  0.76153
-0.098752
-0.539926
-0.600555
-0.006212
-0.647596
-0.004559
  0.00365
 0.334786
 0.591422
-0.146515
 0.926813
 1.158734
 0.186011
 0.710338
 1.053725
 0.713237
-0.200015
-0.368472
-0.202707
-0.148201
 -0.32036
-1.359598
-0.926229
-0.204053
-0.041777
-0.338761
-0.039623
-0.382073
-0.329045
-0.413653
-0.044144
 1.563367
 1.324541
 0.228215
-0.116613
 0.114221
 -0.17068
-0.124054
 0.527364
 0.612193
-0.073362
 0.468676
 0.006852
 0.664918
 0.605156
-0.045173
-0.881666
-0.415171
-0.725609
-1.103365
-0.051995
  -0.3551
-0.557216
-0.235932
 0.115775
-0.479874
 0.622076
 0.899885
 0.090143
 -0.16326
 0.523148
-0.237079
-1.818157
-0.930514
 0.437268
 -0.44878
-0.379013
 0.279389
-0.741129
-0.935043
 -0.08667
 1.108124
  1.68853
 0.668147
 0.703455
 -0.33061
 0.154837
 1.146977
 1.843768
 1.032351
 0.582955
 0.535094
 0.207931
 0.292297
-0.139314
 0.478825
 0.952324
 0.564335
 1.152055
 1.539869
 0.747573
 1.252445
 1.774079
 1.012012
  0.76854
 0.164832
-1.835267
-0.445403
 0.643279
 0.419625
 0.632413
 0.741705
 0.471816
-0.161951
-0.114174
  0.61643
 0.847676
 1.836156
 1.940441
 1.355814
 1.032728
 0.750741
 0.507736
 1.251801
 0.798435
 0.846841
 0.345468
  -0.1924
-0.902646
-0.952197
-1.097778
-0.388679
-0.812226
 0.084565
-0.542718
-0.510186
-0.067269
 0.063205
 0.948075
 1.079399
  1.41614
 0.712042
 0.672577
 0.174958
 0.072643
-0.000117
-0.067704
-0.051823
-0.183915
-1.143214
-0.330813
-0.613554
-0.243075
-0.728491
 0.124799
  0.89985
 1.217414
 0.343433
 0.593117
 1.023612
 1.239603
 0.539644
 0.260791
 0.741937
 1.383711
 0.904242
 0.500912
 1.612198
 1.462253
 1.790239
 1.760437
 1.780852
 0.535021
 0.431274
 0.265444
  0.74952
 1.157571
 0.689714
 0.121048
-0.120168
  0.79548
 0.683273
 0.460702
-0.706578
-0.404145
 -0.05109
 0.266303
 1.118075
 0.616829
   0.7788
 1.126378
 0.148665
 0.545426
-0.092565
-0.456846
-0.514702
-0.408623
-0.621761
-0.229414
-0.783732
-0.952573
-0.220682
-0.969309
-0.863335
 -0.63819
-1.099465
-0.613956
 0.116571
-0.347128
-0.631982
 -1.45981
-1.482087
 -0.59125
-0.751903
-0.711183
-0.689263
-0.174068
-0.279324
 0.737198
 0.620375
-0.255987
-0.087468
  -0.0651
-0.404718
 0.218742
-0.013717
 0.168996
 0.408265
 0.644076
 0.807031
 0.522987
-0.032361
 0.982663
 0.356553
 0.463944
 0.356153
 0.113256
 0.506175
 0.617055
-0.080409
-0.244111
 0.628857
 1.150391
 0.293471
 0.427283
 0.138711
